version https://git-lfs.github.com/spec/v1
oid sha256:4aaa7f3981c57288fe384efccf9ab73b99dbdea10a104eff03645c60e5cc6dce
size 6428988
