version https://git-lfs.github.com/spec/v1
oid sha256:9223b3e821dcbcae4916b81a3f7be5ff4f3f6bca95695bdc37cbe52bd03f7d5f
size 5933084
